8133313,11,1,31.
simoi, 1133133 pop, 11, 1.
3131331,13333330.,3’3,3.
81033113,83333.,11,783111,40,50,70.
81311131,80,44311,73111,80,88,108,
115,110311,1,1,5,14,15,13,
47, 48, 58, 05, 813 V, 4, 53, 11,
3, 30,13, 13,13,01, 3333, 30,
’ 73,30,33,30,30,31,31;333,1,
3, 31,13, 13,13,13,13,13,33,
11,15,13,17,18,81,88,84, 43,
33,31,33,33,33,33, 33, 3333113,
· 3,3,1,13,33,31,3113311333·
3311010 3113330113, 11, 1·5, 8·18,17,
913 3310331 plerique Peloponnesii,
1,113133331113133130130133,1,11,
17, 18.
813311131311,111,108311,1531,43
11,1,17,84,45,48,31,35,88,
84,88,1083111,1,1,81,57, 58,
sinuum mareth, 14, 58311, 18.
8103031,81330311,1,18,108,111, 1143
11,9, 80311, 70, 101,11931,51,
58,58,00,813111,1858311118.
8113333,1111,14.
8133313,11,5831111,101.
8133331133, 1113. , 11, 7.
81333113 Himeram 003111,11, 5.
8133331,1,18.
8113111188.
3133311133113,1,55311,083111,
107. Crisaeus, 1, 107. 13310313,1111,
80. 10111031, 14 3 11, 973 11, 18, 80,
84,44. 1131133133, 1111, 8. 81331003,
.’ Π,98.131131333,11, 1041333113
11113,11,31.
81311113,11, 73,77, 89,101.
81131333, 11333331 33311, 19, 37,85,
80, 07, 88, 89, 101311, 101.
mormannum.
3311313133133, 1, 183 Π, 183 11, 51.
83111333,11,803111,9531,80.
801013,11,1. ¹
8313313, 11, 41 3148. 83133103331113,
11,41.
3331333133, 111,,111, 1133 11, 3, 3,
1333.
3331333133,131.,311,113.
8331313333,11, 101.
8313313333,11333,Π,101.
sparretus, 11, rs, 1, 33.
Sphaoteriaius.,lv,8.
33311333, 11, 333 u, 3, 13.
stater 11331303,1111, 18. Phocaicas,
11, 51.
8133333133,Α11.,1,110.
8113311133,133.,1111,533010113,

INDEX fltssottlcus

ἱ 8131313333,1.33.,11,37.
Stratonice, Perdioooe soror, 11, 101.
303333,3133131,31,33,01,33,31,
1013111, 100.

8131331113, 111,,1, 105.

810311011133,111.,1111,15, 10, 17,
80, 31, 08, 78.

8103113133, 111,, 1, 45.

31303313.133.,311,33.

strophosus, 113333103,11, 78.

Strymon, u.,1,os, 100311, 90, 87,
88311, 50, 10131, 73 111, 8.

81331103, 133311, 88.

813333333,111, 57.

83313331,111, 183 1111, 4, 95.

Sybaris, 1.,111, 85.

Sybota 1, 47, 50, 51, 543 111, 70.

8303, 11, 98.

83133,133.,1111,41,41,48.

Symaethus, 1., 11, 35.

syracusae, 8333303331, 111, 80, 88,
108,115311,1,14,15,0531,43
11,3,3,3,11,13,10,30,33-11,
13, 13, 30, 31, 33, 333333· 73,
73,30,03·03,’31,33,31, 031313
31113,31·33,30,31·33,33· 3331-
71370131331,33,33,33,13,31,
78,84,35,80,104,105,100.8031113
31333333,11,1013111,1,8,4,11,
18,80,50,59.1>0113333π33,111,

Τ .

Treueros, 3130330111.,1, 118 31 1883111,

1311103,1’3133,1111,813187.

1333333, 1313333311, Ι, 1083 111, 91,
11,81,98,973111,19.133313113-

gratus, 11, 70.
13313103,1.33., 11, 57.

187

3 Teutlussa, 1133.,1111,41.

11331333,11, 4, 97, 89, 101, 1013
111, 48.

11333333, Molossorum rex, 11, 80.

Thasos, 133.,1, 100, 101311, 104,
105, 10731,031111,34.

1133333133, 1131333313, 111, 10.

113333333, megarensis, 1, 110.

theatrum 813333133313, 111188,

11313,111,11,14,91;11,70, 81,
osas. '

Thebani, 1, 17, 90. 1131333 occupare
0311311 ceduntur, unde betium, 11,
1·3,71,71; 111, 5458311, 188311,
953111, 1118. Eonrm oratio mntm
Ptatoeenses, 111, 3107. Agrum Pla·
1333313333 obtinent, 111, 08. 1133333
codam, 111, 80.

113313133133, 1, 14, 74. Eius consitio
Athenae muris cinguntur, l, 8081,
31 Piraeeus, 1, 98, 31 rea 13333113
augetur, 1, 98. 03133133301331333
131313 113113311 aecusatus tugit 13
Α313333,1111 313111, 1, 185188. Ejus
3333331333 ingenii 1310133, 1, 188.

Theodorus, 311.,111,91.

Theogenes, 111,,11, 1131, 193114.

113013133,1333333, 11, 101.

Thera, 133, 11, 8.

Theramenes, 111,, 1111, 08, 89, 81,
3101.

1133133333,1,33.,1111,13,18, 81,
33, 3313, m.

Therme, opp. 113331, 1, 01 3 11, 19.

Thermon, 130.,1111, 11.

1133333131, 101 3 111, 91311, 80.

Theseos, 11, 15. 8133133103, 11 ,

Thespiensis 3333, 11 , 73. 1133313333
11,88, 90,188311,953111, 19,

1313313331,11,84,44,1043111,13 .

vlu, 91.
Taulantii, 1113111, 1, 14.
1333333,1.30.,11, 118. .
13333,13333133,Ι1, 1813 1, 81, 40,
37, 03,31,33,33, mas-reas,
1311133,83333. , 11, 108.
13113133.,11,153111,39311, 7031,
18 31 14,
Telluris temptam, 11, 15.
1333331113,11,89.
Temenites, 11, 75 31 1003 111, 8,
1333111,111,13111,57.
Tenedos, 111, 18, 85.
131111,1111,083111,57.
Tem, Teii, 111, 813 111, 57 3 1111, 10,
18,10,

Ι, 35. Eius oratio, qua Lacedaemo· 133333, 3.133133,1.,11, 503194.
3103 31 betium 333133 Athenienses 13133,01133333313331,11,19,37, 95.
333013133133110313103,1,83, 87. Tereus, Procnes mantus, Π,19.

stipendium 3331111313 3133311313 apud 1331313113, 3131113,11, 104.
(1313303,1, 47. Apud Athenienses, 133333 13331331, 18 et 11831187 31883
111,17311111,45.113333033 mer· 11, 51, 1, 45 315031111, 0,
3333313333, 111, 17. ATisaapheme 1333333333133 01133,1111, 101.
03111311, 1111, 19 et 45. Magistra· testera 3111113313,111,44.

tunm 111,,1111, 39 3187.

1331133133, Eleus, 111, 19 31 80.

33Ξ33311,3,30.3333333113,1,33,13,

inmun, 33333311, 3, 3, 11, 103,
1031113133,1313333333,
13,10333,13,31;3333,3,10.

Thessalus, Pisistrati 1., 1, 103 11, 55.

11031303, 1111, 95.

1133313,1133033,1, 00, 57, 59, 00,
100,130;3,3,30,33,03,33,31,
33,100,101;13,33;13,3,30,31,
30, 33, 131, 333, 131,103,133,
sno, v, 3, 3, 13,33,30,31,33,
30,33,33, 333111, s, 313131.
11333033 Bithyni, 11, 75, Thraces
machaerophori ax genere niaco, 111,
17. 113331333331 atrociter diripiunt
3133133133111313313,111,18, 80.
11133313333313311133111313113,1,10.

Thrasybulus, 111,, vili, 73, 73, 73,
81, 100, 104, 105.

1011333ξ173ῐ9111. 1. 13 3113331

r 1 ·
1133311111.1331303. 1, 33 3103.
11133Ξ31131ἕ)ἐ 111,,1111 , 78, 75 ,η’ 100,
, .

, Τ11333113311133,1.33..11, 13,

 

