111001011111,1110.,111, 75ς11, 59, 119,
110, 11101001.

111101,11.,1,101.

nunna„ 101,111,115;11,01,01,01;
11,11,00,01·11,100,101,111;
1, 17.

11111 1110011001, 11, 119.

11011010, colophoniorum opp, 111, 91.

nudi 0011010 quando ooeporini, 1, 0.

Nymphodorus ,101101111,11,19.

0.

000111,001.,11,119.
0110011011,11,101;1,0.
01110110,11, 19,90,97, 99111, 101.
(0101000101, 111, 101.
1110000, 111, 95, 99, 101.
(1111110,1,111;11,11,101;111,1.
91,111;11,77.
111000,1111010000., 11,19,19;1111,
1110000011,1,109;11,95.
OEnussae, 101, 1111,11.
11110100, 1011101010 001οο11, 11 , 107.
1111111,111, 91;1111,9.
Olophyxos, IV, 109.
010101,110.,11, los.
01011. 01010111, ios-loo, 110, 111,
119. 010011,111, 101.
01010011,1,0;111,9;1,19,17.01001-
01000 10111010,1, 19. Pecunia Olym·
01101,1, 111, 119. 01001ρί1110οἰ1
Alcibiades, 11, 10. 00110111,111,9.
Αο11101100001,1,19;0010,1,110,
110011,1, 50.
0001010010,11,01,00,70,75;111,
li, ³7, 42.
olympus, 10001, 11 , 79.
Olynthus, 1, 59, 01, 09 ; 11, 79;11,119.
01011111,1,1,11,11.
0011111111, Sicyonius, 11, 119.
000101 mona, lv, 44.
0001011011,Το001001,11, 1.
0001010101, 110,, 1111, 15, 90.
0000000101,111,91, 90.
001011,11, 1.
00101,11,1, 1.
0001,Π,91.110110000111,1, 109.
01100100] Delphicum, 1,15,19, 109,
119,119,110,191;11,17,51,101;
4111,91;11, 11911,91.
0100001001,11,99.
01000010001,Α101111001,1,01,01,09,
77.·1110011111,1, 119; 111, 971 11,
0101110,11,90.
0101101,1110110101,1,111.
01011011,11,191,
0101100010,1, 01.
01001,1111,90.
010010,11,7.
01001110, 1, 07, 71, 71.
0100111,111,99.
01101101,1>11111001001 101, 11, 90.
01000,11,11,01.
010001,11,19;.ΠΙ,91;11,90;111,
²⁸3 vm, 000195.

, mucium

INDEX insufflamus,

010101,11.,11,90.
0111100101οῌ, 195.

³85

Ι 9;11,110;1,11,50,10,1111,1,100.
101Ιί0001, (111,, 1 , 19.

011001, Persa, 1111, 10. Pelops, 9010011110, 1, 9.

01010,1,5, 109 ; 111, 95. Peloponnesus, Peloponnesii, 1, 1, 9,

1’· 111111111111111111οὐ
ia 9 9 p 1 ·

Ρ10001,1111., 111, 19, 19 , 99, 91, 91, Pelopis, promont.. 11, 15.

90,19,19, 5ο. 000100001110101, 1, 00.

00101011111111, 1, 50; 11,91; 11,19; Peparethus, 101.,111, 99.

11111. 90100011,11,79,

Poeonas', 11, 90 0199. Perdiccas, 01100110, 1, 50, 57, 59, 59,

umalama. 01, 00; 11, 10, 10, 95, oo, 100,

nagonuusnoeourcuus,1v,si,os,oo. 101;11,11,11,11,01,1ο1,1ο1,111,
111010110011001101100111011000100· 115, 119, 191; 1,0, 90, 99; 11 , 7;
110010010011100110,11,91. 111,9.

Ρ1100101,1,17;11,90. Ρο110101,1,111,111,110,117,117,

Ρ110100101,11,90. 199,115;11,11, 19,11,11,91,

Ρ111000,1,500101;11,110, 119,119. 55, 50, 59, 59;11, 91. ujus 011110 110

1110111111 9011000ίο 0001111,11, 1. 00110 1010101οη110, 1, 110-111; luns-

Pamphylia, 1, 100 0111010110,11, 91 sqq. 1111, 11 , 00

Ρ10101001,1, 9, 19,-95, 90, 99 , 11, 1001311110000111100101011, 11,05.
11,10. Ρο111111101,1.10.,11,119.

Parammon. Pulueazanolouoondii,vi,4.

Ρ1000101,Το01101111,11,79. peripolium,lll,99.

Ρ1011000101,1,17;11,00. Pompa 10110,1,11,10,99,101,109,197;
Ρ10110001101,1,10. 11,97.

11011100,101,11,19. Ρο111001110101,1,190.1.10001Ρο11100,

Pangaeus, 01001,11, 99. 1, 199.

Panormus Achaiam, 11, 90, 91. Mile· 90111010,1,9.
1101,1111,11.9100101, 11 , 1. 00111Ιο0111, 1,19; 11 , 17 sqq. 59 3 111,

1110100001, 1.,11,1. 97.

Paralius 100111, 55 01 50. Patalii, 111, Paua agri 110011011111, 91.

91. Ρο101001,11,79.

Paralus 01111, 111, 99 0177. Patalis Phaeacas, 1, 15.
110000,110,11,11,10. 11011,110.,ν,1,1.

Ρ111111,11, 11. Phaedimus, 110,, 1, 11,

11111101, 11, 90. 1000100011ῑο, 1v, 119.

Ρ1111,11, 101. 11011101, 11, 99.

Parnassus 01001,111,95. Phaiuis, Argiva, 11, 199.

Parnes 10οο1,11,19;11,90. Ρο1101110,1,107.1>011011001 murus,

Ρ11101111,Α1011101,1,99. 11,19.

Ρο111011011,110.,1,9. Ρο11101,001.,1,11.

0111111,111.,01,11. 01100,111,11.

1111110, 11, 09 01 91. ausum, 1, 01. Ρο10001001101,1111,11,70.

11110110,111.,1ν,11. numus, 11,100101.

Pausanias, 01001001οο I, cyprum 01 Ρο11111,1.10.,11,99.
0011000100ωοωο11,1,91.0010110 Ρο110101101,Ρε111,11,07; 1111,0,
10010111100110100011101100110100 9,99,01,90,99,109,
muru revocatus hlodismiqua 100011· 1101101001, Parsa, 1, 119; 11, 07 i 1, 1 ;
101101010101,1,95. 101101 privatim 1111,0,59,
proiectus 1901100001 0110100οι 1010 Pharsalus, Ρο1111111,1,111;11,11;
ds 010011 subjicienda 1011,οωνο 11,79;1111,91.
caius 0111010110υο 11111110 0000101010 Pharus, 1, 101.

0110110101 supplicio 1111011111, 1, 119· Phaselis, ss, 09; 1111, 99, 99, 109.
111,111;11,11;111,11,01. 1111101,11,11.

Ρ101101110011110,1,01. 901191001001,11,15,7,91.

110110111Ρο101οωίο palor, 1, 107, Ρο110010,110.,11,07.
111;11,11;1,1011100111. 11100001,100,1111,11,01,01.

Ρα1111101,1.10.,1111,19,91,99,99, Ρο1110001,11100110,1,57,59,01;11,
91111111. 01100,

1011101101,111,111;11,11, 1101000111,1.00.,11,111;1,11,11,

“2⁷⁴-
nus,ns.,vm‚ai. 1111111110,111.,1,110.
11100,1,9;11,100.1>11101111111 1111110101,1,10.

1001011197- ³ 011111,1ν,111;1,11,11,11,10.
9010,1110100110000.,11,1101100. l 1110111,1,11;11,1ο.111111111111.
Pellen0‚lv.¹0⁰‚iao.neuenensas,u, · 1110011101.

11,11.

 

